# WDC PALEO DATA SUBMISSION for PAGES 2k database
#
# Created 28 Feb 2013 by Raphi Neukom based on WDC template from 21 Dec 2012 using make_NOAA_files.r
#-----------------------------------------------------------------------
#                World Data Center for Paleoclimatology, Boulder 
#                                  and 
#                     NOAA Paleoclimatology Program 
#-----------------------------------------------------------------------
# NOTE: Please cite original reference when using these data,
# plus the Online Resource and date accessed.
#
# Original_Source_URL: ftp://ftp.ncdc.noaa.gov/pub/data/paleo/coral/east_pacific/palmyra_2003.txt
#
# Archive: Corals
#--------------------
# Contribution_Date
#	Date: 28-02-2013
#--------------------
# Title
#	Study_Name: Palmyra Coral d18O
#--------------------
# Investigators
#	Investigators: Cobb, K.
#--------------------
# Description_and_Notes
#	Description: Uploaded by R. Neukom, data obtained from NOAA Paleo DB.
#--------------------
# Publication
#	Authors: Cobb, K.; Charles, C.; Cheng, H.; Edwards, L.
#	Published_Date_or_Year: 2003
#	Published_Title: El Nino/Southern Oscillation and tropical Pacific climate during the last millenium.
#	Journal_Name: Nature
#	Volume: 424
#	Issue: 
#	Pages: 271-276
#--------------------
# Funding_Agency 
#--------------------
# Site_Information 
#	Site_Name: Palmyra
#	Location: Ocean>Pacific Ocean
#	Region: PAGES Australasia 2k
#	Country: USA
#	Northernmost_Latitude: 5.87
#	Southernmost_Latitude: 5.87
#	Easternmost_Longitude: -162.13
#	Westernmost_Longitude: -162.13
#	Elevation: 
#--------------------
# Data_Collection
#	Collection_Name: Coral d18O for PAGES Australasia 2k regional reconstructions
#	Earliest_Year: 1150
#	Most_Recent_Year: 1998
#	Time_Unit: AD
#	Notes: These are processed data (SONDJF season extracted). Raw data can be obtained from NOAA Paleo DB.
#--------------------
#  Species
#--------------------
# Chronology: 
#--------------------
# Variables
# Short_name  What,Material,Error,Units, Anomaly_period,Archive,Details,Method,Data_type
## age_AD	age, , ,AD, ,corals, ,,N
## Palmyra_d18O_floating	Coral d18O,coral,,‰,,coral,,,N
#--------------------
# Data
# Missing values: NA
age_AD	Palmyra_d18O_floating
1150	-4.716
1151	-4.812
1152	-4.615
1153	-4.536
1154	-4.657
1155	-4.608
1156	-4.559
1157	-4.549
1158	-4.562
1159	-4.692
1160	-4.594
1161	-4.670
1162	-4.647
1163	-4.714
1164	-4.750
1165	-4.645
1166	-4.634
1167	-4.760
1168	-4.612
1169	-4.478
1170	-4.523
1171	-4.720
1172	-4.760
1173	-4.757
1174	-4.758
1175	-4.637
1176	-4.592
1177	-4.541
1178	-4.527
1179	-4.664
1180	-4.865
1181	-4.717
1182	-4.832
1183	-4.774
1184	-4.842
1185	-4.931
1186	-4.779
1187	-4.679
1188	-4.774
1189	-4.856
1190	-5.014
1191	-4.729
1192	-4.647
1193	-4.695
1194	-4.781
1195	-4.963
1196	-4.729
1197	-4.577
1198	-4.596
1199	-4.929
1200	-4.821
1201	-4.804
1202	-4.637
1203	-4.645
1204	-4.737
1205	-4.830
1206	-4.739
1207	-4.601
1208	-4.625
1209	-4.719
1210	-4.884
1211	-4.840
1212	-4.723
1213	-4.612
1214	-4.830
1215	-4.744
1216	-4.761
1217	-4.693
1218	-4.501
1219	-4.455
1220	-4.545
1221	NA
1222	NA
1223	NA
1224	NA
1225	NA
1226	NA
1227	NA
1228	NA
1229	NA
1230	NA
1231	NA
1232	NA
1233	NA
1234	NA
1235	NA
1236	NA
1237	NA
1238	NA
1239	NA
1240	NA
1241	NA
1242	NA
1243	NA
1244	NA
1245	NA
1246	NA
1247	NA
1248	NA
1249	NA
1250	NA
1251	NA
1252	NA
1253	NA
1254	NA
1255	NA
1256	NA
1257	NA
1258	NA
1259	NA
1260	NA
1261	NA
1262	NA
1263	NA
1264	NA
1265	NA
1266	NA
1267	NA
1268	NA
1269	NA
1270	NA
1271	NA
1272	NA
1273	NA
1274	NA
1275	NA
1276	NA
1277	NA
1278	NA
1279	NA
1280	NA
1281	NA
1282	NA
1283	NA
1284	NA
1285	NA
1286	NA
1287	NA
1288	NA
1289	NA
1290	NA
1291	NA
1292	NA
1293	NA
1294	NA
1295	NA
1296	NA
1297	NA
1298	NA
1299	NA
1300	NA
1301	NA
1302	NA
1303	NA
1304	NA
1305	NA
1306	NA
1307	NA
1308	NA
1309	NA
1310	NA
1311	NA
1312	NA
1313	NA
1314	NA
1315	NA
1316	NA
1317	NA
1318	-4.810
1319	-4.743
1320	-4.819
1321	-4.862
1322	-4.815
1323	-4.620
1324	-4.630
1325	-4.810
1326	-5.049
1327	-4.952
1328	-5.000
1329	-5.106
1330	-5.191
1331	-4.982
1332	-4.842
1333	-4.918
1334	-4.869
1335	-4.956
1336	-4.915
1337	-5.114
1338	-4.979
1339	-4.758
1340	-4.632
1341	-4.657
1342	-4.665
1343	-4.782
1344	-4.807
1345	-4.805
1346	-4.909
1347	-4.802
1348	-4.930
1349	-4.946
1350	-4.802
1351	-4.913
1352	-4.705
1353	-4.661
1354	-4.615
1355	-4.606
1356	-4.778
1357	-4.777
1358	-4.742
1359	-4.685
1360	-4.662
1361	-4.647
1362	-4.588
1363	-4.693
1364	-4.639
1365	-4.804
1366	-4.814
1367	-4.855
1368	-4.867
1369	-4.878
1370	-4.907
1371	-4.894
1372	-4.803
1373	-4.892
1374	-4.915
1375	-4.849
1376	-4.808
1377	-4.753
1378	-4.636
1379	-4.752
1380	-4.904
1381	-4.876
1382	-4.737
1383	-4.718
1384	-4.833
1385	-4.976
1386	-4.723
1387	-4.849
1388	-4.680
1389	-4.644
1390	-4.629
1391	-4.582
1392	-4.879
1393	-4.498
1394	-4.509
1395	-4.594
1396	-4.665
1397	-4.897
1398	-4.755
1399	-4.681
1400	-4.683
1401	-4.837
1402	-4.980
1403	-4.820
1404	-4.848
1405	-4.864
1406	-4.694
1407	-4.677
1408	-4.588
1409	-4.654
1410	-4.590
1411	-4.745
1412	-4.804
1413	-4.744
1414	-4.770
1415	-4.679
1416	-4.620
1417	-4.791
1418	-4.967
1419	-4.945
1420	-4.748
1421	-4.811
1422	-4.984
1423	-4.771
1424	-4.667
1425	-4.719
1426	-4.787
1427	-4.799
1428	-4.991
1429	-4.917
1430	-4.779
1431	-4.974
1432	-4.791
1433	-4.645
1434	-4.941
1435	-5.116
1436	-4.752
1437	-4.951
1438	-4.881
1439	-4.855
1440	-4.782
1441	-4.742
1442	-4.986
1443	-4.895
1444	-4.775
1445	-4.667
1446	-4.740
1447	-4.904
1448	-4.955
1449	-4.817
1450	-4.898
1451	-4.848
1452	-4.891
1453	-4.799
1454	-4.843
1455	-4.783
1456	-4.712
1457	-4.835
1458	-4.904
1459	-4.916
1460	-5.012
1461	-4.950
1462	-4.767
1463	-4.860
1464	-4.689
1465	NA
1466	NA
1467	NA
1468	NA
1469	NA
1470	NA
1471	NA
1472	NA
1473	NA
1474	NA
1475	NA
1476	NA
1477	NA
1478	NA
1479	NA
1480	NA
1481	NA
1482	NA
1483	NA
1484	NA
1485	NA
1486	NA
1487	NA
1488	NA
1489	NA
1490	NA
1491	NA
1492	NA
1493	NA
1494	NA
1495	NA
1496	NA
1497	NA
1498	NA
1499	NA
1500	NA
1501	NA
1502	NA
1503	NA
1504	NA
1505	NA
1506	NA
1507	NA
1508	NA
1509	NA
1510	NA
1511	NA
1512	NA
1513	NA
1514	NA
1515	NA
1516	NA
1517	NA
1518	NA
1519	NA
1520	NA
1521	NA
1522	NA
1523	NA
1524	NA
1525	NA
1526	NA
1527	NA
1528	NA
1529	NA
1530	NA
1531	NA
1532	NA
1533	NA
1534	NA
1535	NA
1536	NA
1537	NA
1538	NA
1539	NA
1540	NA
1541	NA
1542	NA
1543	NA
1544	NA
1545	NA
1546	NA
1547	NA
1548	NA
1549	NA
1550	NA
1551	NA
1552	NA
1553	NA
1554	NA
1555	NA
1556	NA
1557	NA
1558	NA
1559	NA
1560	NA
1561	NA
1562	NA
1563	NA
1564	NA
1565	NA
1566	NA
1567	NA
1568	NA
1569	NA
1570	NA
1571	NA
1572	NA
1573	NA
1574	NA
1575	NA
1576	NA
1577	NA
1578	NA
1579	NA
1580	NA
1581	NA
1582	NA
1583	NA
1584	NA
1585	NA
1586	NA
1587	NA
1588	NA
1589	NA
1590	NA
1591	NA
1592	NA
1593	NA
1594	NA
1595	NA
1596	NA
1597	NA
1598	NA
1599	NA
1600	NA
1601	NA
1602	NA
1603	NA
1604	NA
1605	NA
1606	NA
1607	NA
1608	NA
1609	NA
1610	NA
1611	NA
1612	NA
1613	NA
1614	NA
1615	NA
1616	NA
1617	NA
1618	NA
1619	NA
1620	NA
1621	NA
1622	NA
1623	NA
1624	NA
1625	NA
1626	NA
1627	NA
1628	NA
1629	NA
1630	NA
1631	NA
1632	NA
1633	NA
1634	NA
1635	NA
1636	-4.828
1637	-4.942
1638	-5.240
1639	-5.167
1640	-4.777
1641	-4.782
1642	-4.994
1643	-5.157
1644	-4.776
1645	-4.896
1646	-4.775
1647	-4.930
1648	-4.762
1649	-4.886
1650	-4.588
1651	-4.719
1652	-4.808
1653	-4.970
1654	-5.050
1655	-4.704
1656	-4.987
1657	-4.975
1658	-5.192
1659	-4.880
1660	-4.762
1661	-4.798
1662	-4.768
1663	-4.994
1664	-4.670
1665	-4.793
1666	-4.817
1667	-4.957
1668	-5.022
1669	-4.772
1670	-4.629
1671	-4.587
1672	-4.863
1673	-4.767
1674	-4.871
1675	-4.761
1676	-4.799
1677	-4.903
1678	-4.984
1679	-4.704
1680	-4.622
1681	-4.733
1682	-4.872
1683	-4.767
1684	-4.745
1685	-4.748
1686	-4.673
1687	-4.942
1688	-4.948
1689	-4.893
1690	-4.922
1691	-4.824
1692	-4.675
1693	-4.769
1694	-4.953
1695	-4.644
1696	-4.801
1697	-4.655
1698	-4.535
1699	-4.880
1700	-4.725
1701	-4.846
1702	-4.634
1703	-4.483
1704	NA
1705	NA
1706	NA
1707	NA
1708	NA
1709	NA
1710	NA
1711	NA
1712	NA
1713	NA
1714	NA
1715	NA
1716	NA
1717	NA
1718	NA
1719	NA
1720	NA
1721	NA
1722	NA
1723	NA
1724	NA
1725	NA
1726	NA
1727	NA
1728	NA
1729	NA
1730	NA
1731	NA
1732	NA
1733	NA
1734	NA
1735	NA
1736	NA
1737	NA
1738	NA
1739	NA
1740	NA
1741	NA
1742	NA
1743	NA
1744	NA
1745	NA
1746	NA
1747	NA
1748	NA
1749	NA
1750	NA
1751	NA
1752	NA
1753	NA
1754	NA
1755	NA
1756	NA
1757	NA
1758	NA
1759	NA
1760	NA
1761	NA
1762	NA
1763	NA
1764	NA
1765	NA
1766	NA
1767	NA
1768	NA
1769	NA
1770	NA
1771	NA
1772	NA
1773	NA
1774	NA
1775	NA
1776	NA
1777	NA
1778	NA
1779	NA
1780	NA
1781	NA
1782	NA
1783	NA
1784	NA
1785	NA
1786	NA
1787	NA
1788	NA
1789	NA
1790	NA
1791	NA
1792	NA
1793	NA
1794	NA
1795	NA
1796	NA
1797	NA
1798	NA
1799	NA
1800	NA
1801	NA
1802	NA
1803	NA
1804	NA
1805	NA
1806	NA
1807	NA
1808	NA
1809	NA
1810	NA
1811	NA
1812	NA
1813	NA
1814	NA
1815	NA
1816	NA
1817	NA
1818	NA
1819	NA
1820	NA
1821	NA
1822	NA
1823	NA
1824	NA
1825	NA
1826	NA
1827	NA
1828	NA
1829	NA
1830	NA
1831	NA
1832	NA
1833	NA
1834	NA
1835	NA
1836	NA
1837	NA
1838	NA
1839	NA
1840	NA
1841	NA
1842	NA
1843	NA
1844	NA
1845	NA
1846	NA
1847	NA
1848	NA
1849	NA
1850	NA
1851	NA
1852	NA
1853	NA
1854	NA
1855	NA
1856	NA
1857	NA
1858	NA
1859	NA
1860	NA
1861	NA
1862	NA
1863	NA
1864	NA
1865	NA
1866	NA
1867	NA
1868	NA
1869	NA
1870	NA
1871	NA
1872	NA
1873	NA
1874	NA
1875	NA
1876	NA
1877	NA
1878	NA
1879	NA
1880	NA
1881	NA
1882	NA
1883	NA
1884	NA
1885	NA
1886	NA
1887	-4.498
1888	-4.604
1889	-4.807
1890	-4.590
1891	-4.812
1892	-4.784
1893	-4.649
1894	-4.627
1895	-4.762
1896	-4.898
1897	-4.917
1898	-4.787
1899	-4.680
1900	-5.028
1901	-4.934
1902	-4.709
1903	-5.073
1904	-4.789
1905	-4.886
1906	-4.987
1907	-4.897
1908	-4.914
1909	-4.737
1910	-4.637
1911	-4.682
1912	-4.849
1913	-4.734
1914	-4.863
1915	-5.180
1916	-4.862
1917	-4.623
1918	-4.592
1919	-4.893
1920	-4.877
1921	-4.686
1922	-4.702
1923	-4.697
1924	-4.847
1925	-4.662
1926	-4.794
1927	-4.754
1928	-4.823
1929	-4.788
1930	-4.997
1931	-5.091
1932	-4.894
1933	-4.893
1934	-4.686
1935	-4.831
1936	-4.946
1937	-4.966
1938	-4.941
1939	-4.843
1940	-4.877
1941	-5.130
1942	-5.180
1943	-4.823
1944	-4.732
1945	-4.721
1946	-4.736
1947	-4.995
1948	-4.730
1949	-4.780
1950	-4.597
1951	-4.673
1952	-5.004
1953	-4.760
1954	-4.787
1955	-4.843
1956	-4.819
1957	-4.811
1958	-5.011
1959	-5.047
1960	-4.889
1961	-4.861
1962	-4.764
1963	-4.853
1964	-4.980
1965	-4.823
1966	-5.083
1967	-4.977
1968	-4.995
1969	-5.165
1970	-5.085
1971	-4.722
1972	-4.775
1973	-5.183
1974	-4.620
1975	-4.836
1976	-4.662
1977	-5.047
1978	-4.971
1979	-4.922
1980	-5.112
1981	-5.000
1982	-5.047
1983	-5.066
1984	-4.895
1985	-4.904
1986	-5.041
1987	-5.380
1988	-5.320
1989	-4.910
1990	-5.075
1991	-5.293
1992	-5.356
1993	-5.252
1994	-5.399
1995	-5.500
1996	-5.013
1997	-5.237
1998	-5.566
