Yr	13C	18O				
1992.75	-1.89	-4.25				
1992.50	-1.63	-4.54				
1992.25	-1.38	-4.74				
1992.00	-1.36	-4.51				
1991.75	-1.45	-4.17				
1991.50	-1.39	-4.34				
1991.25	-1.18	-4.68				
1991.00	-1.50	-4.51				
1990.75	-1.68	-4.19				
1990.50	-1.63	-4.47				
1990.25	-1.26	-4.80				
1990.00	-1.30	-4.59				
1989.75	-1.40	-4.26				
1989.50	-1.66	-4.63				
1989.25	-1.56	-4.71				
1989.00	-2.08	-4.56				
1988.75	-1.40	-4.20				
1988.50	-1.51	-4.38				
1988.25	-1.39	-4.49				
1988.00	-1.00	-4.29				
1987.75	-1.15	-4.03				
1987.50	-1.11	-4.34				
1987.25	-1.24	-4.57				
1987.00	-1.16	-4.41				
1986.75	-1.08	-4.05				
1986.50	-1.32	-4.28				
1986.25	-1.49	-4.72				
1986.00	-1.44	-4.61				
1985.75	-1.13	-3.96				
1985.50	-1.40	-4.36				
1985.25	-1.30	-4.63				
1985.00	-1.12	-4.42				
1984.75	-1.12	-3.97				
1984.50	-1.33	-4.37				
1984.25	-1.29	-4.62				
1984.00	-1.26	-4.40				
1983.75	-0.84	-4.11				
1983.50	-1.30	-4.53				
1983.25	-1.23	-4.79				
1983.00	-1.24	-4.63				
1982.75	-0.88	-4.06				
1982.50	-1.21	-4.43				
1982.25	-1.24	-4.78				
1982.00	-1.25	-4.45				
1981.75	-1.22	-4.04				
1981.50	-1.23	-4.43				
1981.25	-1.15	-4.80				
1981.00	-1.18	-4.34				
1980.75	-1.15	-4.09				
1980.50	-1.27	-4.52				
1980.25	-1.37	-4.85				
1980.00	-1.19	-4.39				
1979.75	-1.04	-4.00				
1979.50	-1.28	-4.44				
1979.25	-1.47	-4.85				
1979.00	-1.39	-4.61				
1978.75	-0.86	-3.92				
1978.50	-1.20	-4.30				
1978.25	-0.92	-4.59				
1978.00	-1.14	-4.30				
1977.75	-1.14	-4.09				
1977.50	-1.22	-4.60				
1977.25	-1.29	-4.71				
1977.00	-1.63	-4.73				
1976.75	-1.23	-4.14				
1976.50	-1.24	-4.46				
1976.25	-1.18	-4.80				
1976.00	-1.30	-4.71				
1975.75	-0.99	-4.16				
1975.50	-1.56	-4.64				
1975.25	-1.34	-4.99				
1975.00	-1.25	-4.57				
1974.75	-1.00	-4.12				
1974.50	-1.43	-4.65				
1974.25	-1.11	-4.65				
1974.00	-1.20	-4.45				
1973.75	-1.16	-4.20				
1973.50	-1.29	-4.50				
1973.25	-1.14	-4.89				
1973.00	-1.07	-4.68				
1972.75	-0.93	-4.20				
1972.50	-1.25	-4.36				
1972.25	-1.35	-4.82				
1972.00	-1.44	-4.61				
1971.75	-0.97	-4.07				
1971.50	-1.18	-4.64				
1971.25	-1.15	-4.78				
1971.00	-1.20	-4.52				
1970.75	-1.07	-4.15				
1970.50	-1.34	-4.66				
1970.25	-1.53	-4.87				
1970.00	-1.40	-4.40				
1969.75	-1.18	-4.05				
1969.50	-1.54	-4.44				
1969.25	-1.25	-4.73				
1969.00	-1.08	-4.63				
1968.75	-0.94	-4.14				
1968.50	-1.17	-4.50				
1968.25	-1.25	-4.69				
1968.00	-1.22	-4.46				
1967.75	-1.24	-4.13				
1967.50	-1.21	-4.49				
1967.25	-1.29	-4.76				
1967.00	-1.24	-4.44				
1966.75	-0.94	-3.98				
1966.50	-1.35	-4.06				
1966.25	-1.33	-4.48				
1966.00	-1.13	-4.49				
1965.75	-0.49	-3.95				
1965.50	-1.05	-4.14				
1965.25	-1.20	-4.52				
1965.00	-1.31	-4.56				
1964.75	-1.10	-4.20				
1964.50	-1.56	-4.33				
1964.25	-1.61	-4.73				
1964.00	-1.25	-4.68				
1963.75	-1.06	-4.19				
1963.50	-1.51	-4.26				
1963.25	-1.55	-4.74				
1963.00	-1.32	-4.62				
1962.75	-0.95	-4.17				
1962.50	-1.32	-4.23				
1962.25	-1.63	-4.92				
1962.00	-1.73	-4.39				
1961.75	-0.93	-4.21				
1961.50	-1.19	-4.47				
1961.25	-1.34	-4.72				
1961.00	-1.37	-4.54				
1960.75	-1.16	-4.26				
1960.50	-1.32	-4.23				
1960.25	-1.57	-4.58				
1960.00	-1.36	-4.61				
1959.75	-1.01	-4.06				
1959.50	-1.65	-4.25				
1959.25	-1.26	-4.67				
1959.00	-1.35	-4.60				
1958.75	-1.02	-4.37				
1958.50	-1.15	-4.34				
1958.25	-1.39	-4.76				
1958.00	-1.37	-4.66				
1957.75	-0.99	-4.22				
1957.50	-1.09	-4.21				
1957.25	-1.27	-4.93				
1957.00	-1.25	-4.74				
1956.75	-1.23	-4.31				
1956.50	-1.40	-4.57				
1956.25	-1.56	-4.82				
1956.00	-1.35	-4.82				
1955.75	-1.16	-4.27				
1955.50	-1.00	-4.51				
1955.25	-1.20	-4.76				
1955.00	-1.29	-4.68				
1954.75	-1.28	-4.50				
1954.50	-1.12	-4.41				
1954.25	-1.22	-4.91				
1954.00	-1.19	-4.76				
1953.75	-0.97	-4.26				
1953.50	-1.10	-4.26				
1953.25	-1.30	-4.70				
1953.00	-1.10	-4.63				
1952.75	-1.14	-4.31				
1952.50	-1.26	-4.66				
1952.25	-1.39	-4.73				
1952.00	-1.16	-4.36				
1951.75	-1.22	-4.32				
1951.50	-1.41	-4.52				
1951.25	-1.43	-4.73				
1951.00	-1.35	-4.66				
1950.75	-1.20	-4.26				
1950.50	-0.87	-4.51				
1950.25	-1.31	-4.69				
1950.00	-0.90	-4.66				
1949.75	-1.09	-4.30				
1949.50	-0.84	-4.50				
1949.25	-1.00	-4.84				
1949.00	-1.19	-4.42				
1948.75	-0.82	-4.22				
1948.50	-1.06	-4.72				
1948.25	-1.17	-4.74				
1948.00	-1.14	-4.36				
1947.75	-1.06	-4.25				
1947.50	-1.07	-4.55				
1947.25	-1.36	-4.68				
1947.00	-1.15	-4.47				
1946.75	-1.25	-4.13				
1946.50	-1.06	-4.60				
1946.25	-1.24	-4.80				
1946.00	-1.21	-4.41				
1945.75	-1.03	-4.16				
1945.50	-0.91	-4.54				
1945.25	-1.06	-4.82				
1945.00	-1.06	-4.59				
1944.75	-1.12	-4.05				
1944.50	-0.85	-4.41				
1944.25	-1.15	-4.57				
1944.00	-1.15	-4.57				
1943.75	-1.18	-3.80				
1943.50	-0.47	-4.34				
1943.25	-0.93	-4.58				
1943.00	-1.28	-4.33				
1942.75	-1.26	-4.10				
1942.50	-0.86	-4.13				
1942.25	-1.09	-4.34				
1942.00	-0.81	-3.89				
1941.75	-0.60	-3.79				
1941.50	-1.13	-4.46				
1941.25	-1.26	-4.52				
1941.00	-1.28	-4.13				
1940.75	-1.10	-4.14				
1940.50	-0.94	-4.15				
1940.25	-0.99	-4.65				
1940.00	-1.13	-4.71				
1939.75	-0.66	-4.13				
1939.50	-0.80	-4.19				
1939.25	-0.88	-4.55				
1939.00	-0.94	-4.41				
1938.75	-0.84	-4.00				
1938.50	-1.18	-4.39				
1938.25	-1.27	-4.56				
1938.00	-1.13	-4.28				
1937.75	-1.06	-4.01				
1937.50	-1.07	-4.24				
1937.25	-1.21	-4.49				
1937.00	-1.20	-4.28				
1936.75	-1.03	-4.01				
1936.50	-1.35	-4.38				
1936.25	-1.29	-4.53				
1936.00	-0.99	-4.11				
1935.75	-1.07	-3.99				
1935.50	-1.37	-4.31				
1935.25	-1.16	-4.57				
1935.00	-1.10	-4.42				
1934.75	-0.88	-3.93				
1934.50	-1.49	-4.18				
1934.25	-1.73	-4.51				
1934.00	-1.29	-4.35				
1933.75	-0.80	-4.12				
1933.50	-0.98	-4.27				
1933.25	-1.37	-4.58				
1933.00	-0.93	-4.24				
1932.75	-0.98	-3.99				
1932.50	-1.33	-4.46				
1932.25	-1.37	-4.54				
1932.00	-1.35	-4.36				
1931.75	-0.87	-3.95				
1931.50	-1.21	-4.05				
1931.25	-1.72	-4.31				
1931.00	-1.84	-4.14				
1930.75	-0.56	-3.79				
1930.50	-0.99	-4.18				
1930.25	-1.24	-4.56				
1930.00	-1.11	-4.46				
1929.75	-1.09	-4.02				
1929.50	-1.47	-4.26				
1929.25	-1.49	-4.50				
1929.00	-1.09	-4.22				
1928.75	-0.90	-3.82				
1928.50	-1.87	-3.93				
1928.25	-2.92	-4.44				
1928.00	-2.05	-4.49				
1927.75	-0.35	-3.97				
1927.50	-1.00	-4.13				
1927.25	-1.18	-4.59				
1927.00	-0.69	-4.26				
1926.75	-0.68	-3.70				
1926.50	-1.50	-4.29				
1926.25	-1.31	-4.45				
1926.00	-0.88	-4.18				
1925.75	-1.79	-4.04				
1925.50	-2.26	-4.45				
1925.25	-1.31	-4.62				
1925.00	-0.94	-4.40				
1924.75	-0.55	-3.88				
1924.50	-1.36	-4.34				
1924.25	-1.32	-4.61				
1924.00	-1.04	-4.53				
1923.75	-0.43	-3.86				
1923.50	-1.15	-4.09				
1923.25	-0.90	-4.56				
1923.00	-1.15	-4.47				
1922.75	-0.61	-3.95				
1922.50	-1.15	-4.39				
1922.25	-1.44	-4.51				
1922.00	-1.07	-4.37				
1921.75	-0.53	-3.84				
1921.50	-1.06	-4.10				
1921.25	-1.19	-4.32				
1921.00	-1.03	-4.38				
1920.75	-0.66	-4.09				
1920.50	-1.03	-4.17				
1920.25	-1.00	-4.67				
1920.00	-1.16	-4.38				
1919.75	-0.75	-4.01				
1919.50	-1.07	-4.41				
1919.25	-1.16	-4.68				
1919.00	-1.07	-4.45				
1918.75	-0.85	-4.02				
1918.50	-1.49	-4.51				
1918.25	-1.04	-4.61				
1918.00	-0.87	-4.53				
1917.75	-0.62	-4.05				
1917.50	-0.96	-4.26				
1917.25	-0.70	-4.45				
1917.00	-0.71	-4.20				
1916.75	-0.93	-3.91				
1916.50	-1.31	-4.16				
1916.25	-1.04	-4.42				
1916.00	-0.60	-4.43				
1915.75	-0.56	-3.88				
1915.50	-1.20	-4.18				
1915.25	-0.70	-4.48				
1915.00	-0.77	-4.44				
1914.75	-0.73	-3.91				
1914.50	-0.88	-4.11				
1914.25	-0.80	-4.31				
1914.00	-0.59	-4.28				
1913.75	-0.32	-3.89				
1913.50	-0.88	-4.26				
1913.25	-0.87	-4.41				
1913.00	-0.59	-4.29				
1912.75	-0.29	-3.81				
1912.50	-0.47	-3.88				
1912.25	-0.66	-4.42				
1912.00	-0.37	-4.17				
1911.75	-0.48	-3.87				
1911.50	-1.03	-4.27				
1911.25	-0.95	-4.61				
1911.00	-0.69	-4.26				
1910.75	-0.62	-3.94				
1910.50	-1.27	-4.26				
1910.25	-0.96	-4.59				
1910.00	-0.53	-4.22				
1909.75	-0.97	-3.80				
1909.50	-1.83	-4.30				
1909.25	-1.82	-4.55				
1909.00	-1.47	-4.46				
1908.75	-1.28	-4.37				
1908.50	-1.55	-4.35				
1908.25	-1.59	-4.40				
1908.00	-1.44	-4.20				
1907.75	-0.12	-3.54				
1907.50	-0.54	-3.96				
1907.25	-0.95	-4.39				
1907.00	-0.47	-4.05				
1906.75	0.01	-3.71				
1906.50	-0.70	-4.05				
1906.25	-1.05	-4.37				
1906.00	-0.55	-3.87				
1905.75	-0.43	-3.61				
1905.50	-0.80	-3.94				
1905.25	-0.64	-4.07				
1905.00	-0.46	-4.01				
1904.75	-0.79	-3.77				
1904.50	-1.35	-4.05				
1904.25	-1.10	-4.33				
1904.00	-0.38	-4.06				
1903.75	-0.61	-3.70				
1903.50	-1.37	-4.30				
1903.25	-1.30	-4.46				
1903.00	-0.89	-4.27				
1902.75	0.16	-3.47				
1902.50	-1.02	-3.97				
1902.25	-1.04	-4.14				
1902.00	-0.59	-4.01				
1901.75	-0.27	-3.61				
1901.50	-1.06	-4.19				
1901.25	-1.11	-4.35				
1901.00	-0.76	-4.23				
1900.75	-0.33	-3.90				
1900.50	-0.74	-3.98				
1900.25	-0.88	-4.18				
1900.00	-0.76	-4.23				
1899.75	-0.34	-3.84				
1899.50	-0.75	-3.98				
1899.25	-0.89	-4.27				
1899.00	-0.77	-4.37				
1898.75	-0.35	-3.92				
1898.50	-1.02	-4.26				
1898.25	-1.13	-4.59				
1898.00	-0.80	-4.37				
1897.75	-0.62	-3.85				
1897.50	-1.65	-4.42				
1897.25	-0.93	-4.56
1897.00	-1.09	-4.41
1896.75	-0.27	-3.68
1896.50	-0.76	-4.09
1896.25	-1.17	-4.67
1896.00	-0.89	-4.37
1895.75	-0.61	-3.75
1895.50	-1.53	-4.63
1895.25	-1.29	-4.85
1895.00	-0.81	-4.33
1894.75	-0.78	-4.20
1894.50	-1.02	-4.78
1894.25	-1.03	-4.82
1894.00	-0.96	-4.55
1893.75	-0.96	-4.35
1893.50	-0.89	-4.68
1893.25	-1.10	-4.92
1893.00	-0.95	-4.52
1892.75	-0.94	-4.06
1892.50	-1.32	-4.55
1892.25	-1.30	-4.67
1892.00	-1.07	-4.50
1891.75	-0.77	-4.10
1891.50	-0.93	-4.18
1891.25	-1.08	-4.70
1891.00	-1.07	-4.49
1890.75	-0.45	-4.05
1890.50	-1.07	-4.52
1890.25	-0.98	-4.64
1890.00	-1.09	-4.42
1889.75	-0.81	-4.09
1889.50	-0.85	-4.27
1889.25	-0.85	-4.47
1889.00	-0.73	-4.47
1888.75	-0.39	-4.06
1888.50	-0.88	-4.31
1888.25	-1.07	-4.62
1888.00	-0.72	-4.21
1887.75	-0.70	-3.99
1887.50	-1.24	-4.70
1887.25	-1.04	-4.83
1887.00	-0.93	-4.47
1886.75	-0.68	-3.90
1886.50	-1.38	-4.22
1886.25	-1.10	-4.37
1886.00	-0.36	-4.32
1885.75	-0.05	-3.57
1885.50	-0.68	-3.60
1885.25	-0.69	-3.89
1885.00	-0.33	-4.01
1884.75	0.15	-3.53
1884.50	-0.92	-3.93
1884.25	-0.91	-4.15
1884.00	-0.30	-3.99
1883.75	-0.49	-3.72
1883.50	-1.24	-4.32
1883.25	-0.82	-4.42
1883.00	-0.28	-4.07
1882.75	-0.75	-3.89
1882.50	-1.36	-4.66
1882.25	-0.87	-4.60
1882.00	-0.60	-4.26
1881.75	-0.16	-3.58
1881.50	-0.98	-4.30
1881.25	-0.91	-4.56
1881.00	-0.37	-4.05
1880.75	-0.89	-4.04
1880.50	-1.17	-4.54
1880.25	-1.29	-4.64
1880.00	-0.87	-4.36
1879.75	-0.54	-3.89
1879.50	-1.64	-4.36
1879.25	-1.05	-4.68
1879.00	-1.54	-4.24
1878.75	-0.48	-4.00
1878.50	-1.36	-4.29
1878.25	-1.57	-4.33
1878.00	-1.14	-4.07
1877.75	-1.39	-3.79
1877.50	-1.81	-4.49
1877.25	-1.77	-4.64
1877.00	-1.33	-4.41
1876.75	-0.48	-3.89
1876.50	-1.30	-4.49
1876.25	-1.41	-4.59
1876.00	-1.00	-4.24
1875.75	-1.81	-3.72
1875.50	-1.38	-4.14
1875.25	-0.54	-4.18
1875.00	-0.01	-4.00
1874.75	-0.55	-3.77
1874.50	-1.11	-4.03
1874.25	-0.81	-4.39
1874.00	-0.23	-4.13
1873.75	0.14	-3.58
1873.50	-0.72	-4.21
1873.25	-1.08	-4.37
1873.00	-0.23	-4.34
1872.75	-0.12	-3.87
1872.50	-0.60	-4.17
1872.25	-0.73	-4.41
1872.00	-0.49	-4.37
1871.75	0.12	-3.83
1871.50	-0.66	-4.08
1871.25	-0.69	-4.32
1871.00	-0.29	-3.94
1870.75	-0.67	-3.79
1870.50	-0.77	-4.22
1870.25	-0.70	-4.32
1870.00	-0.49	-4.12
1869.75	-0.15	-3.67
1869.50	-0.71	-4.27
1869.25	-0.82	-4.66
1869.00	-0.44	-4.31
1868.75	-0.15	-3.68
1868.50	-0.52	-4.18
1868.25	-0.68	-4.39
1868.00	-0.65	-4.33
1867.75	-0.43	-4.02
1867.50	-1.02	-4.16
1867.25	-0.85	-4.65
1867.00	-0.37	-4.48
1866.75	-0.04	-4.08
1866.50	-0.50	-4.31
1866.25	-0.60	-4.61
1866.00	-0.63	-4.45
1865.75	-0.65	-4.24
1865.50	-1.17	-4.52
1865.25	-1.21	-4.81
1865.00	-0.63	-4.42
1864.75	-0.70	-3.99
1864.50	-1.01	-4.39
1864.25	-0.97	-4.57
1864.00	-0.69	-4.53
1863.75	-0.26	-4.23
1863.50	-0.59	-4.27
1863.25	-1.01	-4.67
1863.00	-1.01	-4.64
1862.75	-0.26	-4.14
1862.50	-0.83	-4.32
1862.25	-0.80	-4.58
1862.00	-0.64	-4.42
1861.75	-0.47	-3.94
1861.50	-0.94	-4.38
1861.25	-0.77	-4.59
1861.00	-0.56	-4.37
1860.75	-0.59	-3.96
1860.50	-1.04	-4.54
1860.25	-0.55	-4.60
1860.00	-0.18	-4.30
1859.75	-0.27	-4.03
1859.50	-0.68	-4.53
1859.25	-0.67	-4.59
1859.00	-0.72	-4.46
1858.75	-0.53	-3.81
1858.50	-0.83	-4.28
1858.25	-0.99	-4.45
1858.00	-0.50	-3.90
1857.75	-0.54	-3.83
1857.50	-0.91	-4.25
1857.25	-0.86	-4.52
1857.00	-0.40	-4.09
1856.75	-0.76	-3.86
1856.50	-0.77	-4.20
1856.25	-0.86	-4.38
1856.00	-0.87	-4.33
1855.75	-0.64	-3.94
1855.50	-1.22	-4.24
1855.25	-0.51	-4.54
1855.00	-0.74	-4.41
1854.75	-0.45	-3.90
1854.50	-0.71	-4.11
1854.25	-0.13	-4.45
1854.00	0.02	-4.20
1853.75	-0.15	-3.94
1853.50	-1.02	-4.40
1853.25	-0.75	-4.75
1853.00	-0.16	-4.60
1852.75	-0.12	-3.87
1852.50	-0.58	-4.36
1852.25	-0.68	-4.61
1852.00	-0.67	-4.29
1851.75	-1.07	-4.16
1851.50	-1.11	-4.49
1851.25	-0.66	-4.54
1851.00	-0.79	-4.47
1850.75	-0.32	-4.01
1850.50	-0.91	-4.37
1850.25	-0.58	-4.44
1850.00	-0.40	-4.02
1849.75	-0.69	-3.97
1849.50	-1.11	-4.52
1849.25	-0.96	-4.74
1849.00	-0.48	-4.24
1848.75	-0.26	-3.80
1848.50	-1.15	-4.41
1848.25	-0.97	-4.58
1848.00	-0.77	-4.26
1847.75	-0.62	-3.89
1847.50	-0.67	-4.18
1847.25	-0.97	-4.48
1847.00	-0.82	-4.40
1846.75	-0.04	-3.87
1846.50	-0.92	-4.19
1846.25	-1.25	-4.53
1846.00	-0.89	-4.24
1845.75	-0.19	-3.93
1845.50	-0.71	-4.10
1845.25	-0.92	-4.43
1845.00	-0.37	-4.19
1844.75	-0.45	-4.01
1844.50	-0.57	-4.33
1844.25	-0.81	-4.44
1844.00	-0.44	-4.30
1843.75	-0.10	-3.61
1843.50	-0.57	-3.98
1843.25	-0.57	-4.37
1843.00	-0.71	-4.33
1842.75	-0.16	-3.74
1842.50	-0.82	-4.15
1842.25	-0.63	-4.49
1842.00	-0.09	-4.08
1841.75	-0.79	-3.96
1841.50	-0.89	-4.42
1841.25	-0.74	-4.45
1841.00	-0.40	-4.16
1840.75	0.11	-3.58
1840.50	-0.60	-3.94
1840.25	-0.61	-4.51
1840.00	-0.56	-4.02
1839.75	-0.28	-3.69
1839.50	-0.66	-4.23
1839.25	-0.53	-4.21
1839.00	-0.32	-4.11
1838.75	-0.50	-3.62
1838.50	-1.48	-4.28
1838.25	-0.99	-4.40
1838.00	-0.71	-4.18
1837.75	0.14	-3.50
1837.50	-0.59	-3.74
1837.25	-0.64	-4.17
1837.00	-0.05	-3.99
1836.75	0.21	-3.29
1836.50	-0.55	-4.25
1836.25	-0.20	-4.14
1836.00	0.36	-3.70
1835.75	-0.43	-3.65
1835.50	-0.55	-4.39
1835.25	-0.40	-4.32
1835.00	0.04	-4.14
1834.75	-0.29	-3.79
1834.50	-1.30	-4.44
1834.25	-0.83	-4.53
1834.00	-0.26	-4.21
1833.75	-0.66	-3.95
1833.50	-0.90	-4.31
1833.25	-0.44	-4.50
1833.00	-0.17	-4.09
1832.75	-0.29	-4.02
1832.50	-0.50	-4.35
1832.25	-0.48	-4.37
1832.00	-0.43	-4.21
1831.75	-0.55	-3.95
1831.50	-0.57	-4.41
1831.25	-0.52	-4.67
1831.00	-0.92	-4.43
1830.75	-0.37	-3.88
1830.50	-0.95	-4.42
1830.25	-0.75	-4.61
1830.00	-0.50	-4.45
1829.75	-0.47	-3.94
1829.50	-0.72	-4.21
1829.25	-0.67	-4.61
1829.00	-0.20	-4.45
1828.75	-0.13	-3.87
1828.50	-0.57	-4.22
1828.25	-0.51	-4.43
1828.00	-0.46	-4.06
1827.75	-0.97	-3.88
1827.50	-0.68	-4.41
1827.25	-0.72	-4.61
1827.00	-0.59	-4.14
1826.75	-1.07	-3.89
1826.50	-0.73	-3.94
1826.25	-0.76	-4.10
1826.00	-0.42	-4.26
1825.75	0.45	-3.70
1825.50	-0.13	-4.16
1825.25	-0.08	-4.32
1825.00	0.14	-4.22
1824.75	0.11	-3.89
1824.50	-0.18	-4.27
1824.25	0.11	-4.27
1824.00	0.37	-4.08
1823.75	0.01	-3.88
1823.50	-0.14	-4.22
1823.25	-0.29	-4.56
1823.00	0.00	-4.20
1822.75	0.30	-3.85
1822.50	-0.10	-4.05
1822.25	-0.10	-4.16
1822.00	0.10	-4.07
1821.75	0.31	-3.70
1821.50	0.10	-3.98
1821.25	-0.11	-4.26
1821.00	-0.09	-4.01
1820.75	-0.06	-3.77
1820.50	-0.58	-4.10
1820.25	-0.62	-4.24
1820.00	-0.28	-4.07
1819.75	0.37	-3.47
1819.50	-0.21	-3.89
1819.25	-0.31	-4.14
1819.00	-0.08	-4.08
1818.75	0.34	-3.50
1818.50	-0.16	-3.97
1818.25	-0.16	-4.20
1818.00	0.05	-4.11
1817.75	0.21	-3.62
1817.50	-0.27	-3.98
1817.25	-0.28	-4.22
1817.00	-0.04	-4.17
1816.75	0.26	-3.62
1816.50	-0.66	-3.99
1816.25	-0.64	-4.16
1816.00	-0.23	-4.07
1815.75	0.07	-3.65
1815.50	-0.01	-4.03
1815.25	-0.17	-4.20
1815.00	-0.15	-4.10
1814.75	0.33	-3.60
1814.50	0.16	-3.65
1814.25	0.04	-3.91
1814.00	0.12	-4.03
1813.75	0.62	-3.65
1813.50	-0.29	-4.32
1813.25	-0.60	-4.47
1813.00	0.12	-3.92
1812.75	-0.35	-3.89
1812.50	-0.75	-4.53
1812.25	-0.61	-4.50
1812.00	-0.33	-4.38
1811.75	-0.12	-3.67
1811.50	-0.75	-4.44
1811.25	-0.53	-4.26
1811.00	0.18	-4.16
1810.75	-0.09	-3.88
1810.50	-0.42	-4.24
1810.25	-0.44	-4.32
1810.00	-0.27	-4.15
1809.75	-0.04	-3.67
1809.50	-0.63	-4.12
1809.25	-0.62	-4.28
1809.00	-0.32	-4.15
1808.75	-0.01	-3.69
1808.50	-0.24	-4.03
1808.25	-0.47	-4.37
1808.00	-0.30	-4.22
1807.75	-0.13	-4.08
1807.50	-0.65	-4.40
1807.25	-0.47	-4.39
1807.00	-0.40	-4.50
1806.75	-0.71	-4.50
1806.50	-1.10	-4.58
1806.25	-1.07	-4.64
1806.00	-1.01	-4.47
1805.75	-0.64	-3.87
1805.50	-0.62	-4.51
1805.25	-0.49	-4.49
1805.00	-0.35	-4.22
1804.75	-0.35	-4.06
1804.50	-0.29	-4.49
1804.25	-0.13	-4.46
1804.00	0.04	-4.17
1803.75	0.14	-3.81
1803.50	-0.34	-4.38
1803.25	-0.35	-4.64
1803.00	-0.14	-4.55
1802.75	0.09	-3.99
1802.50	-0.52	-4.27
1802.25	-0.32	-4.52
1802.00	-0.20	-4.55
1801.75	-0.86	-4.34
1801.50	-0.52	-4.53
1801.25	-0.18	-4.49
1801.00	-0.09	-4.31
1800.75	-0.54	-4.08
1800.50	-0.51	-4.42
1800.25	-0.43	-4.34
1800.00	-0.28	-4.14
1799.75	-0.04	-4.11
1799.50	-0.47	-4.14
1799.25	-0.44	-4.66
1799.00	-0.40	-4.50
1798.75	0.00	-3.91
1798.50	-0.41	-4.27
1798.25	-0.49	-4.60
1798.00	-0.41	-4.66
1797.75	-0.30	-4.17
1797.50	-0.54	-4.37
1797.25	-0.80	-4.28
1797.00	-0.45	-4.15
1796.75	-0.15	-3.86
1796.50	-0.62	-4.17
1796.25	-0.54	-4.31
1796.00	-0.35	-4.29
1795.75	-0.21	-3.79
1795.50	-0.33	-4.10
1795.25	-0.58	-4.41
1795.00	-0.64	-4.46
1794.75	-0.16	-3.94
1794.50	-0.53	-4.11
1794.25	-0.79	-4.49
1794.00	-0.41	-4.36
1793.75	-0.29	-3.75
1793.50	-0.45	-4.38
1793.25	-0.46	-4.53
1793.00	-0.37	-4.35
1792.75	-0.22	-3.93
1792.50	-1.15	-4.15
1792.25	-0.95	-4.35
1792.00	-0.72	-4.27
1791.75	-0.40	-3.86
1791.50	-1.28	-4.47
1791.25	-1.41	-4.96
1791.00	-0.57	-4.06
1790.75	-0.01	-3.49
1790.50	-0.70	-4.00
1790.25	-1.01	-4.29
1790.00	-0.40	-4.30
1789.75	0.10	-3.62
1789.50	-0.31	-3.72
1789.25	-0.70	-4.09
1789.00	-0.45	-4.42
1788.75	-1.10	-4.30
1788.50	-0.48	-4.56
1788.25	-0.73	-4.55
1788.00	-0.49	-4.31
1787.75	-0.10	-3.81
1787.50	-0.70	-4.20
1787.25	-0.73	-4.47
1787.00	-0.37	-4.27
1786.75	0.03	-3.76
1786.50	-0.40	-4.20
1786.25	-0.41	-4.45
1786.00	-0.24	-4.25
1785.75	0.03	-3.71
1785.50	-0.51	-4.19
1785.25	-0.33	-4.17
1785.00	-0.35	-4.41
1784.75	0.22	-3.97
1784.50	-0.52	-4.24
1784.25	-0.51	-4.60
1784.00	0.09	-4.26
1783.75	-0.09	-4.08
1783.50	-0.09	-4.67
1783.25	-0.72	-5.01
1783.00	-0.41	-4.52
1782.75	-0.20	-3.91
1782.50	-0.64	-4.32
1782.25	-0.64	-4.62
1782.00	-0.04	-4.20
1781.75	0.24	-3.55
1781.50	-0.76	-4.26
1781.25	-0.65	-4.66
1781.00	-0.32	-4.40
1780.75	-0.04	-3.84
1780.50	-0.98	-4.26
1780.25	-1.00	-4.61
1780.00	-0.41	-4.53
1779.75	0.23	-3.49
1779.50	-0.57	-4.39
1779.25	-0.19	-4.42
1779.00	-0.35	-4.40
1778.75	-0.19	-3.62
1778.50	-0.75	-4.10
1778.25	-0.43	-4.30
1778.00	-0.04	-4.04
1777.75	-0.30	-3.60
1777.50	-1.07	-4.29
1777.25	-0.88	-4.49
1777.00	-0.49	-4.14
1776.75	-0.66	-3.87
1776.50	-0.55	-4.17
1776.25	-0.51	-4.24
1776.00	-0.85	-4.11
1775.75	-0.42	-3.86
1775.50	-0.93	-4.47
1775.25	-0.71	-4.48
1775.00	-0.62	-4.30
1774.75	-0.44	-3.77
1774.50	-1.32	-4.11
1774.25	-0.88	-4.47
1774.00	-0.60	-4.14
1773.75	0.07	-3.55
1773.50	-0.56	-3.88
1773.25	-0.79	-4.35
1773.00	-0.74	-4.55
1772.75	-0.43	-4.48
1772.50	-0.19	-4.11
1772.25	-0.73	-4.12
1772.00	-0.73	-4.26
1771.75	-0.41	-4.46
1771.50	0.04	-4.06
1771.25	-0.47	-4.16
1771.00	-0.96	-5.39
1770.75	-0.28	-4.69
1770.50	-0.37	-3.92
1770.25	-0.57	-4.20
1770.00	-0.50	-4.35
1769.75	-0.30	-4.25
1769.50	-0.05	-3.76
1769.25	-0.80	-4.10
1769.00	-0.74	-4.37
1768.75	-0.57	-4.51
1768.50	0.04	-3.90
1768.25	-0.68	-4.15
1768.00	-0.57	-4.54
1767.75	-0.58	-4.54
1767.50	0.31	-3.88
1767.25	-0.86	-4.34
1767.00	-1.13	-4.56
1766.75	-0.63	-4.49
1766.50	-0.27	-4.20
1766.25	-0.73	-4.26
1766.00	-0.82	-4.68
1765.75	-0.41	-4.39
1765.50	-0.55	-4.02
1765.25	-1.29	-4.51
1765.00	-1.18	-4.62
1764.75	-0.34	-4.19
1764.50	0.20	-3.55
1764.25	-1.16	-4.22
1764.00	-1.08	-4.47
1763.75	-0.52	-4.41
1763.50	0.46	-3.87
1763.25	-0.14	-4.03
1763.00	-0.50	-4.12
1762.75	-0.14	-3.93
1762.50	0.12	-3.81
1762.25	0.06	-4.11
1762.00	-0.13	-4.20
1761.75	-0.32	-4.10
1761.50	-0.43	-3.74
1761.25	-0.88	-4.06
1761.00	-0.85	-4.36
1760.75	-0.29	-4.35
1760.50	0.32	-3.86
1760.25	-0.52	-3.96
1760.00	-0.49	-4.36
1759.75	-0.17	-4.03
1759.50	-0.93	-3.77
1759.25	-1.40	-4.30
1759.00	-1.38	-4.53
1758.75	-0.75	-4.27
1758.50	-0.58	-3.95
1758.25	-1.12	-4.33
1758.00	-1.13	-4.58
1757.75	-0.64	-4.51
1757.50	-0.21	-4.04
1757.25	-1.12	-4.28
1757.00	-0.89	-4.57
1756.75	-0.69	-4.60
1756.50	-0.25	-3.78
1756.25	-1.43	-4.48
1756.00	-1.15	-4.72
1755.75	-1.12	-4.59
1755.50	-1.13	-4.45
1755.25	-1.60	-4.67
1755.00	-1.76	-4.62
1754.75	-0.72	-4.53
1754.50	-0.57	-3.96
1754.25	-1.66	-4.47
1754.00	-1.03	-4.69
1753.75	-0.93	-4.54
1753.50	0.22	-3.62
1753.25	-0.85	-4.29
1753.00	-1.01	-4.66
1752.75	-0.41	-4.30
1752.50	-0.22	-3.87
1752.25	-0.61	-4.36
1752.00	-0.66	-4.61
1751.75	-0.45	-4.54
1751.50	-0.02	-4.06
1751.25	-0.13	-4.20
1751.00	-0.29	-4.41
1750.75	-0.31	-4.39
1750.50	-0.01	-3.78
1750.25	-0.30	-4.14
1750.00	-0.34	-4.26
1749.75	-0.21	-4.12
1749.50	0.02	-3.62
1749.25	-0.28	-4.26
1749.00	-0.05	-4.03
1748.75	0.32	-4.12
1748.50	0.33	-3.78
1748.25	0.39	-3.90
1748.00	0.43	-3.97
1747.75	0.34	-3.94
1747.50	0.00	-3.72
1747.25	-0.36	-4.24
1747.00	-0.09	-4.31
1746.75	0.25	-4.11
1746.50	0.13	-3.77
1746.25	-0.14	-4.22
1746.00	-0.28	-4.45
1745.75	-0.18	-4.38
1745.50	0.29	-3.91
1745.25	-0.13	-4.33
1745.00	-0.08	-4.35
1744.75	0.11	-4.14
1744.50	0.06	-3.83
1744.25	-0.20	-4.21
1744.00	-0.29	-4.38
1743.75	-0.08	-4.25
1743.50	0.60	-3.69
1743.25	-0.76	-4.31
1743.00	-0.72	-4.54
1742.75	-0.46	-4.55
1742.50	0.19	-3.84
1742.25	-0.50	-4.34
1742.00	-0.96	-4.57
1741.75	-0.65	-4.37
1741.50	-0.03	-3.56
1741.25	-1.02	-4.59
1741.00	-0.85	-4.55
1740.75	-0.07	-3.97
1740.50	-0.65	-3.94
1740.25	-1.41	-4.35
1740.00	-1.35	-4.68
1739.75	-0.75	-4.61
1739.50	0.40	-3.63
1739.25	-1.14	-4.08
1739.00	-0.77	-4.34
1738.75	-0.39	-4.19
1738.50	-0.13	-3.56
1738.25	-0.65	-3.95
1738.00	-0.54	-4.25
1737.75	-0.52	-4.26
1737.50	0.25	-3.72
1737.25	-0.58	-3.84
1737.00	-0.32	-4.00
1736.75	0.25	-3.53
1736.50	0.30	-3.19
1736.25	-0.16	-3.33
1736.00	0.01	-3.80
1735.75	0.50	-3.63
1735.50	0.67	-3.02
1735.25	-0.53	-3.70
1735.00	-0.91	-4.22
1734.75	-0.85	-4.19
1734.50	-0.50	-3.48
1734.25	-1.08	-4.07
1734.00	-0.94	-4.13
1733.75	0.00	-3.78
1733.50	-0.06	-3.32
1733.25	-1.07	-3.84
1733.00	-1.25	-4.33
1732.75	-0.30	-4.12
1732.50	0.59	-3.58
1732.25	-0.32	-4.07
1732.00	-1.09	-4.40
1731.75	-0.76	-4.45
1731.50	0.50	-3.26
1731.25	0.05	-3.83
1731.00	0.08	-3.21
1730.75	0.29	-3.94
1730.50	-0.06	-3.81
1730.25	0.44	-3.90
1730.00	-0.28	-4.10
1729.75	-0.49	-4.39
1729.50	-1.14	-4.11
1729.25	-0.86	-4.73
1729.00	-0.38	-4.39
1728.75	-0.22	-3.91
1728.50	0.65	-3.17
1728.25	0.10	-3.50
1728.00	-0.30	-4.02
1727.75	-0.26	-3.98
1727.50	0.07	-3.47
1727.25	-0.43	-3.99
1727.00	-0.76	-4.25
1726.75	-0.48	-4.18
1726.50	0.93	-3.64
1726.25	0.09	-3.87
1726.00	-0.32	-4.19
1725.75	-0.26	-4.30
1725.50	0.38	-3.88
1725.25	-0.31	-4.25
1725.00	0.25	-4.04
1724.75	-0.10	-3.89
1724.50	-0.47	-3.58
1724.25	-0.44	-4.24
1724.00	-0.31	-4.43
1723.75	0.35	-3.96
1723.50	0.21	-3.61
1723.25	-0.27	-4.11
1723.00	-1.21	-4.50
1722.75	0.03	-4.27
1722.50	0.27	-3.87
1722.25	-0.64	-4.47
1722.00	-0.46	-4.20
1721.75	0.16	-3.74
1721.50	0.10	-3.52
1721.25	-0.47	-4.07
1721.00	-0.09	-4.32
1720.75	0.47	-4.22
1720.50	0.45	-3.73
1720.25	0.30	-3.91
1720.00	0.15	-4.09
1719.75	0.39	-3.85
1719.50	0.63	-3.61
1719.25	0.57	-3.89
1719.00	0.51	-4.17
1718.75	0.72	-3.83
1718.50	0.93	-3.49
1718.25	0.64	-3.87
1718.00	0.35	-4.26
1717.75	0.56	-4.03
1717.50	0.78	-3.79
1717.25	0.55	-3.98
1717.00	0.32	-4.18
1716.75	0.46	-3.83
1716.50	0.60	-3.48
1716.25	0.29	-3.84
1716.00	-0.02	-4.20
1715.75	0.10	-3.97
1715.50	0.22	-3.75
1715.25	0.20	-3.99
1715.00	0.19	-4.24
1714.75	0.37	-4.04
1714.50	0.56	-3.84
1714.25	-0.21	-4.17
1714.00	-0.41	-4.29
1713.75	-0.21	-4.23
1713.50	0.29	-4.01
1713.25	-0.43	-4.12
1713.00	-1.04	-5.32
1712.75	-0.76	-4.31
1712.50	-0.14	-4.04
1712.25	-0.65	-4.13
1712.00	-0.46	-4.41
1711.75	-0.54	-4.24
1711.50	-0.68	-3.59
1711.25	-0.90	-4.20
1711.00	-0.55	-4.42
1710.75	-0.50	-4.38
1710.50	-0.49	-3.88
1710.25	-0.20	-4.53
1710.00	-0.29	-4.74
1709.75	0.02	-4.36
1709.50	-0.53	-4.16
1709.25	-0.92	-4.65
1709.00	-0.52	-4.87
1708.75	-0.67	-4.77
1708.50	-0.83	-4.12
1708.25	-0.47	-4.61
1708.00	-1.15	-4.82
1707.75	-0.96	-4.45
1707.50	-0.49	-4.06
1707.25	-0.77	-4.43
1707.00	-0.66	-4.78
1706.75	-0.52	-4.51
1706.50	-0.45	-3.93
1706.25	-0.90	-4.19
1706.00	-0.71	-4.24
1705.75	-0.34	-4.05
1705.50	-0.38	-3.69
1705.25	-0.76	-4.30
1705.00	-0.80	-4.44
1704.75	-0.45	-3.97
1704.50	-0.84	-3.81
1704.25	-1.10	-4.41
1704.00	-1.01	-4.41
1703.75	-0.82	-4.33
1703.50	0.06	-3.51
1703.25	-0.89	-4.27
1703.00	-0.74	-4.50
1702.75	-0.87	-4.32
1702.50	-0.36	-3.80
1702.25	-0.72	-4.34
1702.00	-0.64	-4.28
1701.75	-0.23	-3.59
1701.50	-0.84	-3.84
1701.25	-0.27	-4.01
1701.00	0.08	-3.89
1700.75	0.73	-3.33
1700.50	-0.22	-3.66
1700.25	-0.69	-4.26
1700.00	-0.65	-4.29
1699.75	0.16	-3.50
1699.50	-0.09	-3.77
1699.25	-0.35	-4.03
1699.00	-0.37	-3.81
1698.75	-0.38	-3.59
1698.50	-0.97	-4.14
1698.25	-1.15	-4.39
1698.00	-0.63	-4.37
1697.75	0.10	-3.52
1697.50	-0.45	-3.94
1697.25	-0.45	-4.11
1697.00	-0.23	-4.01
1696.75	-0.10	-3.56
1696.50	-0.85	-4.22
1696.25	-0.87	-4.44
1696.00	-0.69	-4.28
1695.75	-0.64	-3.84
1695.50	-1.13	-4.30
1695.25	-0.76	-4.46
1695.00	-0.51	-4.22
1694.75	0.14	-3.51
1694.50	-0.70	-4.16
1694.25	-0.56	-4.32
1694.00	-0.41	-4.30
1693.75	-0.49	-3.74
1693.50	-1.30	-4.19
1693.25	-0.81	-4.58
1693.00	-0.73	-4.41
1692.75	-0.18	-3.67
1692.50	-1.02	-4.17
1692.25	-0.71	-4.53
1692.00	-0.72	-4.45
1691.75	-0.23	-3.79
1691.50	-1.04	-4.16
1691.25	-0.83	-4.39
1691.00	-1.01	-4.16
1690.75	-0.37	-3.73
1690.50	-1.07	-4.08
1690.25	-1.32	-4.36
1690.00	-0.77	-4.08
1689.75	-0.64	-3.76
1689.50	-1.59	-4.33
1689.25	-0.62	-4.39
1689.00	-0.63	-4.20
1688.75	-0.60	-3.74
1688.50	-1.25	-3.94
1688.25	-0.41	-4.41
1688.00	0.08	-3.98
1687.75	-0.32	-3.79
1687.50	-0.86	-4.26
1687.25	-0.68	-4.41
1687.00	-0.73	-4.34
1686.75	-0.40	-4.18
1686.50	-0.65	-4.24
1686.25	-0.56	-4.22
1686.00	-0.38	-4.03
1685.75	-0.31	-3.57
1685.50	-1.38	-4.70
1685.25	-0.73	-4.59
1685.00	-0.61	-4.47
1684.75	-1.23	-4.22
1684.50	-1.44	-4.47
1684.25	-1.65	-4.73
1684.00	-1.48	-4.47
1683.75	-1.31	-4.22
1683.50	-1.37	-4.58
1683.25	-1.15	-4.74
1683.00	-0.50	-4.40
1682.75	0.10	-3.47
1682.50	-0.88	-4.15
1682.25	-1.25	-4.53
1682.00	-0.51	-4.29
1681.75	0.25	-3.66
1681.50	-0.95	-4.13
1681.25	-0.62	-4.53
1681.00	-0.45	-4.41
1680.75	-0.25	-3.72
1680.50	-0.49	-4.13
1680.25	-0.41	-4.42
1680.00	-0.12	-4.17
1679.75	-0.41	-4.00
1679.50	-0.31	-4.32
1679.25	-0.47	-4.50
1679.00	-0.17	-4.22
1678.75	-0.17	-3.68
1678.50	-0.44	-4.18
1678.25	-0.64	-4.47
1678.00	-0.35	-4.15
1677.75	-0.03	-3.80
1677.50	-1.04	-4.09
1677.25	-0.79	-4.53
1677.00	-0.48	-4.30
1676.75	-0.39	-4.03
1676.50	-1.14	-4.33
1676.25	-0.93	-4.66
1676.00	-0.73	-4.52
1675.75	-0.35	-3.98
1675.50	-0.73	-4.23
1675.25	-0.55	-4.41
1675.00	-0.27	-4.15
1674.75	-0.93	-4.06
1674.50	-1.24	-4.25
1674.25	-1.11	-4.42
1674.00	-0.54	-4.45
1673.75	-0.78	-4.05
1673.50	-0.59	-4.24
1673.25	-0.55	-4.02
1673.00	-0.12	-3.94
1672.75	-0.21	-3.53
1672.50	-1.06	-4.19
1672.25	-1.22	-4.45
1672.00	-0.62	-4.35
1671.75	-0.13	-3.98
1671.50	-0.67	-4.15
1671.25	-0.61	-4.34
1671.00	-0.25	-4.09
1670.75	-0.73	-3.99
1670.50	-0.94	-4.47
1670.25	-0.74	-4.45
1670.00	-0.49	-4.21
1669.75	-0.23	-3.95
1669.50	-0.63	-4.39
1669.25	-0.11	-4.52
1669.00	-0.64	-4.38
1668.75	-0.10	-3.96
1668.50	-0.98	-4.20
1668.25	-0.86	-4.50
1668.00	-0.25	-4.24
1667.75	-0.28	-3.96
1667.50	-0.78	-4.37
1667.25	-0.46	-4.49
1667.00	-0.12	-4.17
1666.75	-0.86	-3.98
1666.50	-0.59	-4.59
1666.25	-0.69	-4.55
1666.00	-0.47	-4.30
1665.75	-0.44	-3.89
1665.50	-1.14	-4.18
1665.25	-0.86	-4.57
1665.00	-0.63	-4.44
1664.75	-0.49	-3.95
1664.50	-1.22	-4.30
1664.25	-0.93	-4.59
1664.00	-0.09	-4.27
1663.75	0.25	-3.85
1663.50	-0.59	-4.18
1663.25	-0.51	-4.69
1663.00	-0.64	-4.42
1662.75	-0.11	-3.88
1662.50	-0.92	-4.20
1662.25	-0.64	-4.49
1662.00	-0.37	-4.32
1661.75	-0.23	-3.92
1661.50	-0.47	-4.43
1661.25	-0.69	-4.64
1661.00	-0.29	-4.43
1660.75	0.52	-3.90
1660.50	-0.65	-4.23
1660.25	-0.91	-4.39
1660.00	-0.83	-4.62
1659.75	0.11	-3.92
1659.50	-0.56	-4.21
1659.25	-0.84	-4.26
1659.00	-1.26	-4.26
1658.75	-0.69	-4.07
1658.50	-1.03	-4.10
1658.25	-0.98	-3.97
1658.00	-1.10	-3.67
1657.75	-0.19	-3.34
